TermID	Term	Enrichment	logP	Genes in Term	Target Genes in Term	Fraction of Targets in Term	Total Target Genes	Total Genes	Entrez Gene IDs	Gene Symbols
SM00682	G2F	0.00540469994702926	-5.22048634339506	2	1	0.0476190476190476	21	7761	18074	Nid2
SM00527	HMG17	0.0107815729378458	-4.52991681154384	4	1	0.0476190476190476	21	7761	15331	Hmgn2
SM00360	RRM	0.0131093212259975	-4.33443175783315	186	3	0.142857142857143	21	7761	59013,53379,19655	Hnrnph1,Hnrnpa2b1,Rbmx
SM00602	VPS10	0.0134596168944299	-4.30806141769441	5	1	0.0476190476190476	21	7761	81840	Sorcs2
SM00539	NIDO	0.0134596168944299	-4.30806141769441	5	1	0.0476190476190476	21	7761	18074	Nid2
SM00264	BAG	0.0134596168944299	-4.30806141769441	5	1	0.0476190476190476	21	7761	70369	Bag5
SM00281	LamB	0.0134596168944299	-4.30806141769441	5	1	0.0476190476190476	21	7761	16773	Lama2
SM00515	eIF5C	0.0161307551156886	-4.12702757357694	6	1	0.0476190476190476	21	7761	66912	Bzw2
SM00179	EGF_CA	0.01987022023601	-3.91853313863434	81	2	0.0952380952380952	21	7761	14118,18074	Fbn1,Nid2
SM00238	BIR	0.021452381991609	-3.84191959121369	8	1	0.0476190476190476	21	7761	11799	Birc5
SM00089	PKD	0.0267465884504575	-3.62134834833568	10	1	0.0476190476190476	21	7761	81840	Sorcs2
SM00136	LamNT	0.0320135087484086	-3.4415973168742	12	1	0.0476190476190476	21	7761	16773	Lama2
SM00234	START	0.0346367783717506	-3.36283920273794	13	1	0.0476190476190476	21	7761	170459	Stard4
SM00135	LY	0.0346367783717506	-3.36283920273794	13	1	0.0476190476190476	21	7761	18074	Nid2
SM00502	BBC	0.0346367783717506	-3.36283920273794	13	1	0.0476190476190476	21	7761	21849	Trim28
SM00130	KR	0.0372532765209147	-3.29001537773184	14	1	0.0476190476190476	21	7761	26564	Ror2
SM00211	TY	0.0398630198009392	-3.22230620688302	15	1	0.0476190476190476	21	7761	18074	Nid2
SM00516	SEC14	0.0424660247822236	-3.1590509396447	16	1	0.0476190476190476	21	7761	17207	Mcf2l
SM00044	CYCc	0.0450623079946159	-3.09970912481449	17	1	0.0476190476190476	21	7761	104110	Adcy4
SM00471	HDc	0.0579434734012591	-2.84828734019373	22	1	0.0476190476190476	21	7761	238871	Pde4d
SM00134	LU	0.0604997709924029	-2.80511569920204	23	1	0.0476190476190476	21	7761	17069	Ly6e
SM00150	SPEC	0.0655925610183492	-2.72429298857279	25	1	0.0476190476190476	21	7761	17207	Mcf2l
SM00180	EGF_Lam	0.0706590521489178	-2.64988905139362	27	1	0.0476190476190476	21	7761	16773	Lama2
SM00297	BROMO	0.0807136533182077	-2.51684753191736	31	1	0.0476190476190476	21	7761	21849	Trim28
SM00181	EGF	0.0866714397527368	-2.4456308640812	183	2	0.0952380952380952	21	7761	14118,18074	Fbn1,Nid2
SM00343	ZnF_C2HC	0.0956015201362841	-2.34756655804405	37	1	0.0476190476190476	21	7761	67917	Zcchc3
SM00282	LamG	0.0980603974119135	-2.32217169002493	38	1	0.0476190476190476	21	7761	16773	Lama2
SM00336	BBOX	0.112680487005392	-2.18319901396172	44	1	0.0476190476190476	21	7761	21849	Trim28
SM00325	RhoGEF	0.117503490849575	-2.14128723648115	46	1	0.0476190476190476	21	7761	17207	Mcf2l
SM00249	PHD	0.173466345521026	-1.75177167235282	70	1	0.0476190476190476	21	7761	21849	Trim28
SM00327	VWA	0.182458468683858	-1.70123270071289	74	1	0.0476190476190476	21	7761	12834	Col6a2
SM00082	LRRCT	0.184691898127986	-1.68906625777431	75	1	0.0476190476190476	21	7761	21983	Tpbg
SM00219	TyrKc	0.191357373819683	-1.65361253208242	78	1	0.0476190476190476	21	7761	26564	Ror2
SM00013	LRRNT	0.215356175708196	-1.53546199035341	89	1	0.0476190476190476	21	7761	21983	Tpbg
SM00369	LRR_TYP	0.265384348331746	-1.32657613270495	113	1	0.0476190476190476	21	7761	21983	Tpbg
SM00408	IGc2	0.36002770846594	-1.02157428253292	163	1	0.0476190476190476	21	7761	26564	Ror2
SM00326	SH3	0.389472035196328	-0.942963212920654	180	1	0.0476190476190476	21	7761	17207	Mcf2l
SM00233	PH	0.447622788724482	-0.803804390693654	216	1	0.0476190476190476	21	7761	17207	Mcf2l
SM00184	RING	0.483416719107997	-0.726876224823478	240	1	0.0476190476190476	21	7761	21849	Trim28
SM00225	BTB	0.99999999998687	-1.31298389742409e-11	148	0	0	21	7761
SM00036	CNH	0.999999999990714	-9.28649165416265e-12	7	0	0	21	7761
SM00288	VHS	0.999999999990714	-9.28649165416265e-12	7	0	0	21	7761
SM00729	Elp3	0.999999999990714	-9.28649165416265e-12	7	0	0	21	7761
SM00077	ITAM	0.999999999990714	-9.28649165416265e-12	7	0	0	21	7761
SM00861	Transket_pyr	0.999999999990714	-9.28649165416265e-12	7	0	0	21	7761
SM00730	PSN	0.999999999990714	-9.28649165416265e-12	7	0	0	21	7761
SM00053	DYNc	0.999999999990714	-9.28649165416265e-12	7	0	0	21	7761
SM00142	PI3K_C2	0.999999999990714	-9.28649165416265e-12	7	0	0	21	7761
SM00104	ANATO	0.999999999990714	-9.28649165416265e-12	7	0	0	21	7761
SM00949	PAZ	0.999999999990714	-9.28649165416265e-12	7	0	0	21	7761
SM00182	CULLIN	0.999999999990714	-9.28649165416265e-12	7	0	0	21	7761
SM00099	btg1	0.999999999990714	-9.28649165416265e-12	7	0	0	21	7761
SM00671	SEL1	0.999999999990714	-9.28649165416265e-12	7	0	0	21	7761
SM00511	ORANGE	0.999999999990714	-9.28649165416265e-12	7	0	0	21	7761
SM00065	GAF	0.999999999990714	-9.28649165416265e-12	7	0	0	21	7761
SM00153	VHP	0.999999999990714	-9.28649165416265e-12	7	0	0	21	7761
SM00809	Alpha_adaptinC2	0.999999999990714	-9.28649165416265e-12	7	0	0	21	7761
SM00278	HhH1	0.999999999990714	-9.28649165416265e-12	7	0	0	21	7761
SM00390	GoLoco	0.999999999990714	-9.28649165416265e-12	7	0	0	21	7761
SM00101	14_3_3	0.999999999990714	-9.28649165416265e-12	7	0	0	21	7761
SM00545	JmjN	0.999999999990714	-9.28649165416265e-12	7	0	0	21	7761
SM00350	MCM	0.999999999990714	-9.28649165416265e-12	7	0	0	21	7761
SM00557	IG_FLMN	0.999999999990714	-9.28649165416265e-12	7	0	0	21	7761
SM00262	GEL	0.999999999990714	-9.28649165416265e-12	7	0	0	21	7761
SM00258	SAND	0.999999999990714	-9.28649165416265e-12	7	0	0	21	7761
SM00218	ZU5	0.999999999990714	-9.28649165416265e-12	7	0	0	21	7761
SM00454	SAM	0.999999999990794	-9.20638939867959e-12	69	0	0	21	7761
SM00458	RICIN	0.999999999994094	-5.90583886144149e-12	19	0	0	21	7761
SM00105	ArfGap	0.999999999994094	-5.90583886144149e-12	19	0	0	21	7761
SM00547	ZnF_RBZ	0.999999999994094	-5.90583886144149e-12	19	0	0	21	7761
SM00174	RHO	0.999999999994094	-5.90583886144149e-12	19	0	0	21	7761
SM00076	IFabd	0.999999999994094	-5.90583886144149e-12	19	0	0	21	7761
SM00332	PP2Cc	0.999999999994094	-5.90583886144149e-12	19	0	0	21	7761
SM00097	WNT1	0.999999999994094	-5.90583886144149e-12	19	0	0	21	7761
SM00229	RasGEFN	0.999999999994094	-5.90583886144149e-12	19	0	0	21	7761
SM00487	DEXDc	0.999999999995607	-4.39319050025469e-12	91	0	0	21	7761
SM00252	SH2	0.999999999995607	-4.39319050025469e-12	91	0	0	21	7761
SM00363	S4	0.999999999996121	-3.87870964430782e-12	3	0	0	21	7761
SM00882	CoA_trans	0.999999999996121	-3.87870964430782e-12	3	0	0	21	7761
SM00227	NEBU	0.999999999996121	-3.87870964430782e-12	3	0	0	21	7761
SM00428	H3	0.999999999996121	-3.87870964430782e-12	3	0	0	21	7761
SM00960	Robl_LC7	0.999999999996121	-3.87870964430782e-12	3	0	0	21	7761
SM01053	CaMBD	0.999999999996121	-3.87870964430782e-12	3	0	0	21	7761
SM00478	ENDO3c	0.999999999996121	-3.87870964430782e-12	3	0	0	21	7761
SM00183	NAT_PEP	0.999999999996121	-3.87870964430782e-12	3	0	0	21	7761
SM00540	LEM	0.999999999996121	-3.87870964430782e-12	3	0	0	21	7761
SM00997	AdoHcyase_NAD	0.999999999996121	-3.87870964430782e-12	3	0	0	21	7761
SM00891	ERCC4	0.999999999996121	-3.87870964430782e-12	3	0	0	21	7761
SM00773	WGR	0.999999999996121	-3.87870964430782e-12	3	0	0	21	7761
SM00564	PQQ	0.999999999996121	-3.87870964430782e-12	3	0	0	21	7761
SM00444	GYF	0.999999999996121	-3.87870964430782e-12	3	0	0	21	7761
SM00096	UTG	0.999999999996121	-3.87870964430782e-12	3	0	0	21	7761
SM00588	NEUZ	0.999999999996121	-3.87870964430782e-12	3	0	0	21	7761
SM00701	PGRP	0.999999999996121	-3.87870964430782e-12	3	0	0	21	7761
SM00541	FYRN	0.999999999996121	-3.87870964430782e-12	3	0	0	21	7761
SM01083	Cir_N	0.999999999996121	-3.87870964430782e-12	3	0	0	21	7761
SM00737	ML	0.999999999996121	-3.87870964430782e-12	3	0	0	21	7761
SM00243	GAS2	0.999999999996121	-3.87870964430782e-12	3	0	0	21	7761
SM00996	AdoHcyase	0.999999999996121	-3.87870964430782e-12	3	0	0	21	7761
SM00305	HintC	0.999999999996121	-3.87870964430782e-12	3	0	0	21	7761
SM00477	NUC	0.999999999996121	-3.87870964430782e-12	3	0	0	21	7761
SM00553	SEP	0.999999999996121	-3.87870964430782e-12	3	0	0	21	7761
SM00300	ChSh	0.999999999996121	-3.87870964430782e-12	3	0	0	21	7761
SM00162	SAPA	0.999999999996121	-3.87870964430782e-12	3	0	0	21	7761
SM00712	PUR	0.999999999996121	-3.87870964430782e-12	3	0	0	21	7761
SM00309	PAH	0.999999999996121	-3.87870964430782e-12	3	0	0	21	7761
SM00473	PAN_AP	0.999999999996121	-3.87870964430782e-12	3	0	0	21	7761
SM01084	CKS	0.999999999996121	-3.87870964430782e-12	3	0	0	21	7761
SM00580	PUG	0.999999999996121	-3.87870964430782e-12	3	0	0	21	7761
SM00753	PAM	0.999999999996121	-3.87870964430782e-12	3	0	0	21	7761
SM00736	CADG	0.999999999996121	-3.87870964430782e-12	3	0	0	21	7761
SM00663	RPOLA_N	0.999999999996121	-3.87870964430782e-12	3	0	0	21	7761
SM00143	PI3K_p85B	0.999999999996121	-3.87870964430782e-12	3	0	0	21	7761
SM00851	MGS	0.999999999996121	-3.87870964430782e-12	3	0	0	21	7761
SM00573	HSA	0.999999999996121	-3.87870964430782e-12	3	0	0	21	7761
SM00750	KIND	0.999999999996121	-3.87870964430782e-12	3	0	0	21	7761
SM00973	Sec63	0.999999999996121	-3.87870964430782e-12	3	0	0	21	7761
SM00307	ILWEQ	0.999999999996121	-3.87870964430782e-12	3	0	0	21	7761
SM00021	DAX	0.999999999996121	-3.87870964430782e-12	3	0	0	21	7761
SM00644	Ami_2	0.999999999996121	-3.87870964430782e-12	3	0	0	21	7761
SM00986	UDG	0.999999999996121	-3.87870964430782e-12	3	0	0	21	7761
SM00459	Sorb	0.999999999996121	-3.87870964430782e-12	3	0	0	21	7761
SM00751	BSD	0.999999999996121	-3.87870964430782e-12	3	0	0	21	7761
SM00765	MANEC	0.999999999996121	-3.87870964430782e-12	3	0	0	21	7761
SM00306	HintN	0.999999999996121	-3.87870964430782e-12	3	0	0	21	7761
SM00892	Endonuclease_NS	0.999999999996121	-3.87870964430782e-12	3	0	0	21	7761
SM00672	CAP10	0.999999999996121	-3.87870964430782e-12	3	0	0	21	7761
SM00916	L51_S25_CI-B8	0.999999999996121	-3.87870964430782e-12	3	0	0	21	7761
SM00734	ZnF_Rad18	0.999999999996121	-3.87870964430782e-12	3	0	0	21	7761
SM01020	B2-adapt-app_C	0.999999999996121	-3.87870964430782e-12	3	0	0	21	7761
SM00491	HELICc2	0.999999999996121	-3.87870964430782e-12	3	0	0	21	7761
SM00678	WWE	0.999999999996121	-3.87870964430782e-12	3	0	0	21	7761
SM01015	Arfaptin	0.999999999996121	-3.87870964430782e-12	3	0	0	21	7761
SM00341	HRDC	0.999999999996121	-3.87870964430782e-12	3	0	0	21	7761
SM01041	BRO1	0.999999999996121	-3.87870964430782e-12	3	0	0	21	7761
SM00002	PLP	0.999999999996121	-3.87870964430782e-12	3	0	0	21	7761
SM00311	PWI	0.999999999996121	-3.87870964430782e-12	3	0	0	21	7761
SM00836	DALR_1	0.999999999996121	-3.87870964430782e-12	3	0	0	21	7761
SM00592	BRK	0.999999999996121	-3.87870964430782e-12	3	0	0	21	7761
SM01073	CDC48_N	0.999999999996121	-3.87870964430782e-12	3	0	0	21	7761
SM00931	NOSIC	0.999999999996121	-3.87870964430782e-12	3	0	0	21	7761
SM00272	END	0.999999999996121	-3.87870964430782e-12	3	0	0	21	7761
SM00155	PLDc	0.999999999996121	-3.87870964430782e-12	3	0	0	21	7761
SM00259	ZnF_A20	0.999999999996121	-3.87870964430782e-12	3	0	0	21	7761
SM00215	VWC_out	0.999999999996121	-3.87870964430782e-12	3	0	0	21	7761
SM00113	CALCITONIN	0.999999999996121	-3.87870964430782e-12	3	0	0	21	7761
SM00321	WSC	0.999999999996121	-3.87870964430782e-12	3	0	0	21	7761
SM00571	DDT	0.999999999996121	-3.87870964430782e-12	3	0	0	21	7761
SM00098	alkPPc	0.999999999996121	-3.87870964430782e-12	3	0	0	21	7761
SM01065	CBM_2	0.999999999996121	-3.87870964430782e-12	3	0	0	21	7761
SM00265	BH4	0.999999999996121	-3.87870964430782e-12	3	0	0	21	7761
SM00919	Malic_M	0.999999999996121	-3.87870964430782e-12	3	0	0	21	7761
SM00482	POLAc	0.999999999996121	-3.87870964430782e-12	3	0	0	21	7761
SM00006	A4_EXTRA	0.999999999996121	-3.87870964430782e-12	3	0	0	21	7761
SM00248	ANK	0.999999999997678	-2.3217494151935e-12	182	0	0	21	7761
SM00032	CCP	0.999999999998425	-1.57467290504128e-12	45	0	0	21	7761
SM00430	HOLI	0.999999999998425	-1.57467290504128e-12	45	0	0	21	7761
SM00338	BRLZ	0.999999999999091	-9.09014029623946e-13	47	0	0	21	7761
SM00133	S_TK_X	0.999999999999091	-9.09014029623946e-13	47	0	0	21	7761
SM00407	IGc1	0.999999999999091	-9.09014029623946e-13	47	0	0	21	7761
SM00608	ACR	0.999999999999551	-4.49250490395314e-13	29	0	0	21	7761
SM00091	PAS	0.999999999999551	-4.49250490395314e-13	29	0	0	21	7761
SM00442	FGF	0.999999999999604	-3.95826515262559e-13	22	0	0	21	7761
SM00384	AT_hook	0.999999999999604	-3.95826515262559e-13	22	0	0	21	7761
SM00120	HX	0.999999999999604	-3.95826515262559e-13	22	0	0	21	7761
SM00413	ETS	0.999999999999604	-3.95826515262559e-13	22	0	0	21	7761
SM00186	FBG	0.999999999999604	-3.95826515262559e-13	22	0	0	21	7761
SM00072	GuKc	0.999999999999604	-3.95826515262559e-13	22	0	0	21	7761
SM00214	VWC	0.999999999999912	-8.80335692698347e-14	30	0	0	21	7761
SM00256	FBOX	1.00000000000025	2.50806143200949e-13	49	0	0	21	7761
SM00875	BACK	1.00000000000025	2.50806143200949e-13	49	0	0	21	7761
SM00280	KAZAL	1.00000000000154	1.53927578070184e-12	38	0	0	21	7761
SM00717	SANT	1.00000000000154	1.53927578070184e-12	38	0	0	21	7761
SM00064	FYVE	1.00000000000167	1.67387306316353e-12	25	0	0	21	7761
SM00043	CY	1.00000000000167	1.67387306316353e-12	25	0	0	21	7761
SM00232	JAB_MPN	1.00000000000197	1.96720167053593e-12	13	0	0	21	7761
SM00222	Sec7	1.00000000000197	1.96720167053593e-12	13	0	0	21	7761
SM00069	GLA	1.00000000000197	1.96720167053593e-12	13	0	0	21	7761
SM00116	CBS	1.00000000000197	1.96720167053593e-12	13	0	0	21	7761
SM00092	RNAse_Pc	1.00000000000197	1.96720167053593e-12	13	0	0	21	7761
SM00445	LINK	1.00000000000197	1.96720167053593e-12	13	0	0	21	7761
SM00352	POU	1.00000000000197	1.96720167053593e-12	13	0	0	21	7761
SM01057	Carb_anhydrase	1.00000000000197	1.96720167053593e-12	13	0	0	21	7761
SM00508	PostSET	1.00000000000197	1.96720167053593e-12	13	0	0	21	7761
SM00568	GRAM	1.00000000000197	1.96720167053593e-12	13	0	0	21	7761
SM00724	TLC	1.00000000000197	1.96720167053593e-12	13	0	0	21	7761
SM00294	4.1m	1.00000000000197	1.96720167053593e-12	13	0	0	21	7761
SM00501	BRIGHT	1.00000000000197	1.96720167053593e-12	13	0	0	21	7761
SM00631	Zn_pept	1.00000000000218	2.17864433145141e-12	15	0	0	21	7761
SM00255	TIR	1.00000000000218	2.17864433145141e-12	15	0	0	21	7761
SM00275	G_alpha	1.00000000000218	2.17864433145141e-12	15	0	0	21	7761
SM00241	ZP	1.00000000000218	2.17864433145141e-12	15	0	0	21	7761
SM00831	Cation_ATPase_N	1.00000000000218	2.17864433145141e-12	15	0	0	21	7761
SM00246	WH2	1.00000000000218	2.17864433145141e-12	15	0	0	21	7761
SM00643	C345C	1.00000000000218	2.17864433145141e-12	15	0	0	21	7761
SM00563	PlsC	1.00000000000218	2.17864433145141e-12	15	0	0	21	7761
SM00191	Int_alpha	1.00000000000218	2.17864433145141e-12	15	0	0	21	7761
SM00079	PBPe	1.00000000000218	2.17864433145141e-12	15	0	0	21	7761
SM00847	HA2	1.00000000000218	2.17864433145141e-12	15	0	0	21	7761
SM00014	acidPPc	1.00000000000218	2.17864433145141e-12	15	0	0	21	7761
SM00918	Lig_chan-Glu_bd	1.00000000000218	2.17864433145141e-12	15	0	0	21	7761
SM00061	MATH	1.00000000000218	2.17864433145141e-12	15	0	0	21	7761
SM00213	UBQ	1.00000000000223	2.23374161468455e-12	36	0	0	21	7761
SM00050	DISIN	1.00000000000239	2.39273970720403e-12	31	0	0	21	7761
SM00969	SOCS_box	1.00000000000239	2.39273970720403e-12	31	0	0	21	7761
SM00526	H15	1.00000000000246	2.45813056088239e-12	12	0	0	21	7761
SM00244	PHB	1.00000000000246	2.45813056088239e-12	12	0	0	21	7761
SM00801	dDENN	1.00000000000246	2.45813056088239e-12	12	0	0	21	7761
SM00285	PBD	1.00000000000246	2.45813056088239e-12	12	0	0	21	7761
SM00799	DENN	1.00000000000246	2.45813056088239e-12	12	0	0	21	7761
SM00698	MORN	1.00000000000246	2.45813056088239e-12	12	0	0	21	7761
SM00479	EXOIII	1.00000000000246	2.45813056088239e-12	12	0	0	21	7761
SM00261	FU	1.00000000000246	2.45813056088239e-12	12	0	0	21	7761
SM00284	OLF	1.00000000000246	2.45813056088239e-12	12	0	0	21	7761
SM00498	FH2	1.00000000000246	2.45813056088239e-12	12	0	0	21	7761
SM00335	ANX	1.00000000000246	2.45813056088239e-12	12	0	0	21	7761
SM00216	VWD	1.00000000000246	2.45813056088239e-12	12	0	0	21	7761
SM00046	DAGKc	1.00000000000246	2.45813056088239e-12	12	0	0	21	7761
SM00523	DWA	1.00000000000246	2.45813056088239e-12	12	0	0	21	7761
SM00202	SR	1.00000000000289	2.88920608125564e-12	26	0	0	21	7761
SM00195	DSPc	1.00000000000289	2.88920608125564e-12	26	0	0	21	7761
SM00314	RA	1.00000000000289	2.88920608125564e-12	26	0	0	21	7761
SM00429	IPT	1.00000000000289	2.88920608125564e-12	26	0	0	21	7761
SM00165	UBA	1.00000000000289	2.88920608125564e-12	26	0	0	21	7761
SM00667	LisH	1.00000000000289	2.88920608125564e-12	26	0	0	21	7761
SM00462	PTB	1.00000000000289	2.88920608125564e-12	26	0	0	21	7761
SM00173	RAS	1.00000000000361	3.60651924121183e-12	23	0	0	21	7761
SM00208	TNFR	1.00000000000361	3.60651924121183e-12	23	0	0	21	7761
SM00185	ARM	1.00000000000361	3.60651924121183e-12	23	0	0	21	7761
SM00645	Pept_C1	1.00000000000361	3.60651924121183e-12	23	0	0	21	7761
SM00147	RasGEF	1.00000000000361	3.60651924121183e-12	23	0	0	21	7761
SM00353	HLH	1.00000000000364	3.64450303308842e-12	105	0	0	21	7761
SM00589	PRY	1.00000000000376	3.75900703576633e-12	32	0	0	21	7761
SM00129	KISc	1.00000000000376	3.75900703576633e-12	32	0	0	21	7761
SM00908	Gal-bind_lectin	1.00000000000449	4.4946113567407e-12	11	0	0	21	7761
SM00427	H2B	1.00000000000449	4.4946113567407e-12	11	0	0	21	7761
SM00800	uDENN	1.00000000000449	4.4946113567407e-12	11	0	0	21	7761
SM00230	CysPc	1.00000000000449	4.4946113567407e-12	11	0	0	21	7761
SM00569	L27	1.00000000000449	4.4946113567407e-12	11	0	0	21	7761
SM00721	BAR	1.00000000000449	4.4946113567407e-12	11	0	0	21	7761
SM00276	GLECT	1.00000000000449	4.4946113567407e-12	11	0	0	21	7761
SM00316	S1	1.00000000000449	4.4946113567407e-12	11	0	0	21	7761
SM00457	MACPF	1.00000000000449	4.4946113567407e-12	11	0	0	21	7761
SM00200	SEA	1.00000000000449	4.4946113567407e-12	11	0	0	21	7761
SM00293	PWWP	1.00000000000449	4.4946113567407e-12	11	0	0	21	7761
SM00310	PTBI	1.00000000000449	4.4946113567407e-12	11	0	0	21	7761
SM00048	DEFSN	1.00000000000449	4.4946113567407e-12	11	0	0	21	7761
SM00913	IBN_N	1.00000000000449	4.4946113567407e-12	11	0	0	21	7761
SM00115	CASc	1.00000000000449	4.4946113567407e-12	11	0	0	21	7761
SM00253	SOCS	1.00000000000449	4.4946113567407e-12	11	0	0	21	7761
SM00446	LRRcap	1.00000000000449	4.4946113567407e-12	11	0	0	21	7761
SM00156	PP2Ac	1.00000000000449	4.4946113567407e-12	11	0	0	21	7761
SM00726	UIM	1.00000000000477	4.77294798657911e-12	20	0	0	21	7761
SM00451	ZnF_U1	1.00000000000477	4.77294798657911e-12	20	0	0	21	7761
SM00231	FA58C	1.00000000000477	4.77294798657911e-12	20	0	0	21	7761
SM00119	HECTc	1.00000000000477	4.77294798657911e-12	20	0	0	21	7761
SM00177	ARF	1.00000000000477	4.77294798657911e-12	20	0	0	21	7761
SM00443	G_patch	1.00000000000477	4.77294798657911e-12	20	0	0	21	7761
SM00450	RHOD	1.00000000000477	4.77294798657911e-12	20	0	0	21	7761
SM00008	HormR	1.00000000000477	4.77294798657911e-12	20	0	0	21	7761
SM00399	ZnF_C4	1.00000000000558	5.58488367654423e-12	43	0	0	21	7761
SM00271	DnaJ	1.00000000000558	5.58488367654423e-12	43	0	0	21	7761
SM00456	WW	1.00000000000558	5.58488367654423e-12	43	0	0	21	7761
SM00382	AAA	1.00000000000612	6.11883327191621e-12	124	0	0	21	7761
SM00054	EFh	1.00000000000644	6.43807786600282e-12	121	0	0	21	7761
SM00324	RhoGAP	1.00000000000669	6.69013976594867e-12	50	0	0	21	7761
SM00317	SET	1.00000000000781	7.81240524585859e-12	35	0	0	21	7761
SM00228	PDZ	1.00000000000833	8.32965996947483e-12	119	0	0	21	7761
SM00414	H2A	1.00000000000844	8.44239576835224e-12	16	0	0	21	7761
SM00121	IB	1.00000000000844	8.44239576835224e-12	16	0	0	21	7761
SM00331	PP2C_SIG	1.00000000000844	8.44239576835224e-12	16	0	0	21	7761
SM00291	ZnF_ZZ	1.00000000000844	8.44239576835224e-12	16	0	0	21	7761
SM00131	KU	1.00000000000844	8.44239576835224e-12	16	0	0	21	7761
SM00055	FCH	1.00000000000844	8.44239576835224e-12	16	0	0	21	7761
SM00398	HMG	1.00000000000865	8.65496304836353e-12	39	0	0	21	7761
SM00028	TPR	1.00000000000878	8.7776187186352e-12	75	0	0	21	7761
SM00132	LIM	1.00000000000889	8.89465794878482e-12	65	0	0	21	7761
SM00330	PIPKc	1.00000000000897	8.96977558532171e-12	6	0	0	21	7761
SM00707	RPEL	1.00000000000897	8.96977558532171e-12	6	0	0	21	7761
SM00710	PbH1	1.00000000000897	8.96977558532171e-12	6	0	0	21	7761
SM00144	PI3K_rbd	1.00000000000897	8.96977558532171e-12	6	0	0	21	7761
SM00548	IRO	1.00000000000897	8.96977558532171e-12	6	0	0	21	7761
SM00302	GED	1.00000000000897	8.96977558532171e-12	6	0	0	21	7761
SM00692	DM3	1.00000000000897	8.96977558532171e-12	6	0	0	21	7761
SM00111	C4	1.00000000000897	8.96977558532171e-12	6	0	0	21	7761
SM00441	FF	1.00000000000897	8.96977558532171e-12	6	0	0	21	7761
SM00467	GS	1.00000000000897	8.96977558532171e-12	6	0	0	21	7761
SM00964	STAT_int	1.00000000000897	8.96977558532171e-12	6	0	0	21	7761
SM00980	THAP	1.00000000000897	8.96977558532171e-12	6	0	0	21	7761
SM00201	SO	1.00000000000897	8.96977558532171e-12	6	0	0	21	7761
SM00775	LNS2	1.00000000000897	8.96977558532171e-12	6	0	0	21	7761
SM00884	Cullin_Nedd8	1.00000000000897	8.96977558532171e-12	6	0	0	21	7761
SM00018	PD	1.00000000000897	8.96977558532171e-12	6	0	0	21	7761
SM00952	RAP	1.00000000000897	8.96977558532171e-12	6	0	0	21	7761
SM00440	ZnF_C2C2	1.00000000000897	8.96977558532171e-12	6	0	0	21	7761
SM00357	CSP	1.00000000000897	8.96977558532171e-12	6	0	0	21	7761
SM00393	R3H	1.00000000000897	8.96977558532171e-12	6	0	0	21	7761
SM00257	LysM	1.00000000000897	8.96977558532171e-12	6	0	0	21	7761
SM00391	MBD	1.00000000000897	8.96977558532171e-12	6	0	0	21	7761
SM00665	B561	1.00000000000897	8.96977558532171e-12	6	0	0	21	7761
SM00359	PUA	1.00000000000897	8.96977558532171e-12	6	0	0	21	7761
SM01025	BEN	1.00000000000897	8.96977558532171e-12	6	0	0	21	7761
SM01052	CAP_GLY	1.00000000000897	8.96977558532171e-12	6	0	0	21	7761
SM00031	DED	1.00000000000897	8.96977558532171e-12	6	0	0	21	7761
SM00301	DM	1.00000000000897	8.96977558532171e-12	6	0	0	21	7761
SM00167	VPS9	1.00000000000897	8.96977558532171e-12	6	0	0	21	7761
SM00950	Piwi	1.00000000000897	8.96977558532171e-12	6	0	0	21	7761
SM00546	CUE	1.00000000000897	8.96977558532171e-12	6	0	0	21	7761
SM00670	PINc	1.00000000000897	8.96977558532171e-12	6	0	0	21	7761
SM00503	SynN	1.00000000000897	8.96977558532171e-12	6	0	0	21	7761
SM00921	MHC_II_beta	1.00000000000897	8.96977558532171e-12	6	0	0	21	7761
SM01055	Cadherin_pro	1.00000000000897	8.96977558532171e-12	6	0	0	21	7761
SM00107	BTK	1.00000000000897	8.96977558532171e-12	6	0	0	21	7761
SM00461	WH1	1.00000000000897	8.96977558532171e-12	6	0	0	21	7761
SM00648	SWAP	1.00000000000897	8.96977558532171e-12	6	0	0	21	7761
SM00746	TRASH	1.00000000000897	8.96977558532171e-12	6	0	0	21	7761
SM00068	GHB	1.00000000000897	8.96977558532171e-12	6	0	0	21	7761
SM00455	RBD	1.00000000000897	8.96977558532171e-12	6	0	0	21	7761
SM00757	CRA	1.00000000000897	8.96977558532171e-12	6	0	0	21	7761
SM00509	TFS2N	1.00000000000897	8.96977558532171e-12	6	0	0	21	7761
SM00109	C1	1.00000000000914	9.13715691704763e-12	54	0	0	21	7761
SM00145	PI3Ka	1.00000000000963	9.63032447559986e-12	8	0	0	21	7761
SM00582	RPR	1.00000000000963	9.63032447559986e-12	8	0	0	21	7761
SM00159	PTX	1.00000000000963	9.63032447559986e-12	8	0	0	21	7761
SM00329	BPI2	1.00000000000963	9.63032447559986e-12	8	0	0	21	7761
SM00328	BPI1	1.00000000000963	9.63032447559986e-12	8	0	0	21	7761
SM00674	CENPB	1.00000000000963	9.63032447559986e-12	8	0	0	21	7761
SM00524	DWB	1.00000000000963	9.63032447559986e-12	8	0	0	21	7761
SM00401	ZnF_GATA	1.00000000000963	9.63032447559986e-12	8	0	0	21	7761
SM00251	SAM_PNT	1.00000000000963	9.63032447559986e-12	8	0	0	21	7761
SM00562	NDK	1.00000000000963	9.63032447559986e-12	8	0	0	21	7761
SM00577	CPDc	1.00000000000963	9.63032447559986e-12	8	0	0	21	7761
SM01039	BRICHOS	1.00000000000963	9.63032447559986e-12	8	0	0	21	7761
SM00543	MIF4G	1.00000000000963	9.63032447559986e-12	8	0	0	21	7761
SM00263	LYZ1	1.00000000000963	9.63032447559986e-12	8	0	0	21	7761
SM00273	ENTH	1.00000000000963	9.63032447559986e-12	8	0	0	21	7761
SM01100	CRAL_TRIO_N	1.00000000000963	9.63032447559986e-12	8	0	0	21	7761
SM00745	MIT	1.00000000000963	9.63032447559986e-12	8	0	0	21	7761
SM00034	CLECT	1.0000000000097	9.70197862895599e-12	104	0	0	21	7761
SM00743	Agenet	1.00000000000975	9.75268737296586e-12	1	0	0	21	7761
SM01031	BHD_2	1.00000000000975	9.75268737296586e-12	1	0	0	21	7761
SM00929	NADH-G_4Fe-4S_3	1.00000000000975	9.75268737296586e-12	1	0	0	21	7761
SM00057	FIMAC	1.00000000000975	9.75268737296586e-12	1	0	0	21	7761
SM00299	CLH	1.00000000000975	9.75268737296586e-12	1	0	0	21	7761
SM01082	CHZ	1.00000000000975	9.75268737296586e-12	1	0	0	21	7761
SM00928	NADH_4Fe-4S	1.00000000000975	9.75268737296586e-12	1	0	0	21	7761
SM00071	Galanin	1.00000000000975	9.75268737296586e-12	1	0	0	21	7761
SM00904	Flavokinase	1.00000000000975	9.75268737296586e-12	1	0	0	21	7761
SM00738	NGN	1.00000000000975	9.75268737296586e-12	1	0	0	21	7761
SM01071	CDC37_N	1.00000000000975	9.75268737296586e-12	1	0	0	21	7761
SM00254	ShKT	1.00000000000975	9.75268737296586e-12	1	0	0	21	7761
SM00934	OMPdecase	1.00000000000975	9.75268737296586e-12	1	0	0	21	7761
SM00035	CLa	1.00000000000975	9.75268737296586e-12	1	0	0	21	7761
SM00995	AD	1.00000000000975	9.75268737296586e-12	1	0	0	21	7761
SM00870	Asparaginase	1.00000000000975	9.75268737296586e-12	1	0	0	21	7761
SM01032	BHD_3	1.00000000000975	9.75268737296586e-12	1	0	0	21	7761
SM01077	Cg6151-P	1.00000000000975	9.75268737296586e-12	1	0	0	21	7761
SM00530	HTH_XRE	1.00000000000975	9.75268737296586e-12	1	0	0	21	7761
SM00714	LITAF	1.00000000000975	9.75268737296586e-12	1	0	0	21	7761
SM01001	AIRC	1.00000000000975	9.75268737296586e-12	1	0	0	21	7761
SM01030	BHD_1	1.00000000000975	9.75268737296586e-12	1	0	0	21	7761
SM00127	IL7	1.00000000000975	9.75268737296586e-12	1	0	0	21	7761
SM00521	CBF	1.00000000000975	9.75268737296586e-12	1	0	0	21	7761
SM00983	TPK_B1_binding	1.00000000000975	9.75268737296586e-12	1	0	0	21	7761
SM00752	HTTM	1.00000000000975	9.75268737296586e-12	1	0	0	21	7761
SM01102	CRM1_C	1.00000000000975	9.75268737296586e-12	1	0	0	21	7761
SM00898	Fapy_DNA_glyco	1.00000000000975	9.75268737296586e-12	1	0	0	21	7761
SM00853	MutL_C	1.00000000000975	9.75268737296586e-12	1	0	0	21	7761
SM00538	POP4	1.00000000000975	9.75268737296586e-12	1	0	0	21	7761
SM01044	Btz	1.00000000000975	9.75268737296586e-12	1	0	0	21	7761
SM01013	APC2	1.00000000000975	9.75268737296586e-12	1	0	0	21	7761
SM00638	LPD_N	1.00000000000975	9.75268737296586e-12	1	0	0	21	7761
SM00732	YqgFc	1.00000000000975	9.75268737296586e-12	1	0	0	21	7761
SM00932	Nfu_N	1.00000000000975	9.75268737296586e-12	1	0	0	21	7761
SM01016	Arg_tRNA_synt_N	1.00000000000975	9.75268737296586e-12	1	0	0	21	7761
SM01070	CDC37_M	1.00000000000975	9.75268737296586e-12	1	0	0	21	7761
SM00586	ZnF_DBF	1.00000000000975	9.75268737296586e-12	1	0	0	21	7761
SM00845	GatB_Yqey	1.00000000000975	9.75268737296586e-12	1	0	0	21	7761
SM00946	ProRS-C_1	1.00000000000975	9.75268737296586e-12	1	0	0	21	7761
SM00963	SRP54_N	1.00000000000975	9.75268737296586e-12	1	0	0	21	7761
SM00654	eIF6	1.00000000000975	9.75268737296586e-12	1	0	0	21	7761
SM00277	GRAN	1.00000000000975	9.75268737296586e-12	1	0	0	21	7761
SM00874	B5	1.00000000000975	9.75268737296586e-12	1	0	0	21	7761
SM00798	AICARFT_IMPCHas	1.00000000000975	9.75268737296586e-12	1	0	0	21	7761
SM01004	ALAD	1.00000000000975	9.75268737296586e-12	1	0	0	21	7761
SM00019	SF_P	1.00000000000975	9.75268737296586e-12	1	0	0	21	7761
SM01033	BING4CT	1.00000000000975	9.75268737296586e-12	1	0	0	21	7761
SM01075	CDT1	1.00000000000975	9.75268737296586e-12	1	0	0	21	7761
SM00910	HIRAN	1.00000000000975	9.75268737296586e-12	1	0	0	21	7761
SM00780	PIG-X	1.00000000000975	9.75268737296586e-12	1	0	0	21	7761
SM00465	GIYc	1.00000000000975	9.75268737296586e-12	1	0	0	21	7761
SM00818	Amelogenin	1.00000000000975	9.75268737296586e-12	1	0	0	21	7761
SM00613	PAW	1.00000000000975	9.75268737296586e-12	1	0	0	21	7761
SM00976	Telo_bind	1.00000000000975	9.75268737296586e-12	1	0	0	21	7761
SM00614	ZnF_BED	1.00000000000975	9.75268737296586e-12	1	0	0	21	7761
SM01035	BOP1NT	1.00000000000975	9.75268737296586e-12	1	0	0	21	7761
SM00703	NRF	1.00000000000975	9.75268737296586e-12	1	0	0	21	7761
SM00722	CASH	1.00000000000975	9.75268737296586e-12	1	0	0	21	7761
SM00226	LMWPc	1.00000000000975	9.75268737296586e-12	1	0	0	21	7761
SM00507	HNHc	1.00000000000975	9.75268737296586e-12	1	0	0	21	7761
SM00839	ELFV_dehydrog	1.00000000000975	9.75268737296586e-12	1	0	0	21	7761
SM00709	Zpr1	1.00000000000975	9.75268737296586e-12	1	0	0	21	7761
SM01060	Catalase	1.00000000000975	9.75268737296586e-12	1	0	0	21	7761
SM00881	CoA_binding	1.00000000000975	9.75268737296586e-12	1	0	0	21	7761
SM00944	Pro-kuma_activ	1.00000000000975	9.75268737296586e-12	1	0	0	21	7761
SM00017	OSTEO	1.00000000000975	9.75268737296586e-12	1	0	0	21	7761
SM00040	CSF2	1.00000000000975	9.75268737296586e-12	1	0	0	21	7761
SM01036	BP28CT	1.00000000000975	9.75268737296586e-12	1	0	0	21	7761
SM01069	CDC37_C	1.00000000000975	9.75268737296586e-12	1	0	0	21	7761
SM00829	PKS_ER	1.00000000000975	9.75268737296586e-12	1	0	0	21	7761
SM00318	SNc	1.00000000000975	9.75268737296586e-12	1	0	0	21	7761
SM00975	Telomerase_RBD	1.00000000000975	9.75268737296586e-12	1	0	0	21	7761
SM00575	ZnF_PMZ	1.00000000000975	9.75268737296586e-12	1	0	0	21	7761
SM00808	FABD	1.00000000000975	9.75268737296586e-12	1	0	0	21	7761
SM01087	COG6	1.00000000000975	9.75268737296586e-12	1	0	0	21	7761
SM00833	CobW_C	1.00000000000975	9.75268737296586e-12	1	0	0	21	7761
SM00998	ADSL_C	1.00000000000975	9.75268737296586e-12	1	0	0	21	7761
SM00748	HEPN	1.00000000000975	9.75268737296586e-12	1	0	0	21	7761
SM01098	CPSF73-100_C	1.00000000000975	9.75268737296586e-12	1	0	0	21	7761
SM00754	CHRD	1.00000000000975	9.75268737296586e-12	1	0	0	21	7761
SM00488	DEXDc2	1.00000000000975	9.75268737296586e-12	1	0	0	21	7761
SM00067	GHA	1.00000000000975	9.75268737296586e-12	1	0	0	21	7761
SM00023	COLIPASE	1.00000000000975	9.75268737296586e-12	1	0	0	21	7761
SM00289	WR1	1.00000000000975	9.75268737296586e-12	1	0	0	21	7761
SM00464	LON	1.00000000000975	9.75268737296586e-12	1	0	0	21	7761
SM00157	PRP	1.00000000000975	9.75268737296586e-12	1	0	0	21	7761
SM00597	ZnF_TTF	1.00000000000975	9.75268737296586e-12	1	0	0	21	7761
SM00500	SFM	1.00000000000975	9.75268737296586e-12	1	0	0	21	7761
SM00984	UDPG_MGDP_dh_C	1.00000000000975	9.75268737296586e-12	1	0	0	21	7761
SM00658	RPOL8c	1.00000000000975	9.75268737296586e-12	1	0	0	21	7761
SM00635	BID_2	1.00000000000975	9.75268737296586e-12	1	0	0	21	7761
SM00883	Cpn10	1.00000000000975	9.75268737296586e-12	1	0	0	21	7761
SM00417	H4	1.00000000000975	9.75268737296586e-12	1	0	0	21	7761
SM00659	RPOLCX	1.00000000000975	9.75268737296586e-12	1	0	0	21	7761
SM00962	SRP54	1.00000000000975	9.75268737296586e-12	1	0	0	21	7761
SM00030	CLb	1.00000000000975	9.75268737296586e-12	1	0	0	21	7761
SM00805	AGTRAP	1.00000000000975	9.75268737296586e-12	1	0	0	21	7761
SM00711	TDU	1.00000000000975	9.75268737296586e-12	1	0	0	21	7761
SM00245	TSPc	1.00000000000975	9.75268737296586e-12	1	0	0	21	7761
SM00858	SAF	1.00000000000975	9.75268737296586e-12	1	0	0	21	7761
SM00463	SMR	1.00000000000975	9.75268737296586e-12	1	0	0	21	7761
SM00694	DysFC	1.00000000000975	9.75268737296586e-12	1	0	0	21	7761
SM00784	SPT2	1.00000000000975	9.75268737296586e-12	1	0	0	21	7761
SM00368	LRR_RI	1.00000000000975	9.75268737296586e-12	1	0	0	21	7761
SM01047	C1_4	1.00000000000975	9.75268737296586e-12	1	0	0	21	7761
SM00822	PKS_KR	1.00000000000975	9.75268737296586e-12	1	0	0	21	7761
SM00438	ZnF_NFX	1.00000000000975	9.75268737296586e-12	1	0	0	21	7761
SM00693	DysFN	1.00000000000975	9.75268737296586e-12	1	0	0	21	7761
SM00313	PXA	1.00000000000975	9.75268737296586e-12	1	0	0	21	7761
SM00349	KRAB	1.0000000000105	1.0495660200588e-11	199	0	0	21	7761
SM00110	C1Q	1.00000000001117	1.11670462477262e-11	21	0	0	21	7761
SM00333	TUDOR	1.00000000001117	1.11670462477262e-11	21	0	0	21	7761
SM00240	FHA	1.00000000001117	1.11670462477262e-11	21	0	0	21	7761
SM00020	Tryp_SPc	1.00000000001156	1.15618971156044e-11	137	0	0	21	7761
SM00242	MYSc	1.00000000001159	1.15904736517075e-11	27	0	0	21	7761
SM00630	Sema	1.00000000001159	1.15904736517075e-11	27	0	0	21	7761
SM00298	CHROMO	1.00000000001159	1.15904736517075e-11	27	0	0	21	7761
SM00558	JmjC	1.00000000001159	1.15904736517075e-11	27	0	0	21	7761
SM00385	CYCLIN	1.00000000001159	1.15904736517075e-11	27	0	0	21	7761
SM00100	cNMP	1.00000000001159	1.15904736517075e-11	27	0	0	21	7761
SM00406	IGv	1.00000000001159	1.15904736517075e-11	27	0	0	21	7761
SM00093	SERPIN	1.00000000001168	1.16758376057818e-11	57	0	0	21	7761
SM00209	TSP1	1.00000000001168	1.16845371308249e-11	51	0	0	21	7761
SM00033	CH	1.00000000001168	1.16845371308249e-11	51	0	0	21	7761
SM00175	RAB	1.00000000001225	1.22522367609507e-11	56	0	0	21	7761
SM00409	IG	1.00000000001229	1.22850997922303e-11	250	0	0	21	7761
SM00312	PX	1.00000000001265	1.26535684933022e-11	40	0	0	21	7761
SM00112	CA	1.00000000001308	1.30759014224446e-11	99	0	0	21	7761
SM00355	ZnF_C2H2	1.00000000001328	1.32819095825736e-11	516	0	0	21	7761
SM00042	CUB	1.00000000001339	1.3390086114333e-11	42	0	0	21	7761
SM00339	FH	1.00000000001339	1.3390086114333e-11	42	0	0	21	7761
SM00612	Kelch	1.00000000001339	1.3390086114333e-11	42	0	0	21	7761
SM00194	PTPc	1.00000000001367	1.36739995330786e-11	34	0	0	21	7761
SM00199	SCY	1.00000000001367	1.36739995330786e-11	34	0	0	21	7761
SM00449	SPRY	1.00000000001367	1.36739995330786e-11	34	0	0	21	7761
SM00164	TBC	1.00000000001367	1.36739995330786e-11	34	0	0	21	7761
SM00204	TGFB	1.00000000001367	1.36739995330786e-11	34	0	0	21	7761
SM00322	KH	1.00000000001367	1.36739995330786e-11	34	0	0	21	7761
SM00060	FN3	1.00000000001439	1.43862782901189e-11	168	0	0	21	7761
SM00320	WD40	1.00000000001484	1.48377776422669e-11	218	0	0	21	7761
SM00848	Inhibitor_I29	1.00000000001544	1.54387757579007e-11	18	0	0	21	7761
SM00049	DEP	1.00000000001544	1.54387757579007e-11	18	0	0	21	7761
SM00397	t_SNARE	1.00000000001544	1.54387757579007e-11	18	0	0	21	7761
SM00063	FRI	1.00000000001544	1.54387757579007e-11	18	0	0	21	7761
SM00864	Tubulin	1.00000000001544	1.54387757579007e-11	18	0	0	21	7761
SM00292	BRCT	1.00000000001544	1.54387757579007e-11	18	0	0	21	7761
SM00513	SAP	1.00000000001544	1.54387757579007e-11	18	0	0	21	7761
SM01089	Connexin_CCC	1.00000000001544	1.54387757579007e-11	18	0	0	21	7761
SM00358	DSRM	1.00000000001544	1.54387757579007e-11	18	0	0	21	7761
SM00137	MAM	1.00000000001562	1.56153516039028e-11	14	0	0	21	7761
SM00849	Lactamase_B	1.00000000001562	1.56153516039028e-11	14	0	0	21	7761
SM00041	CT	1.00000000001562	1.56153516039028e-11	14	0	0	21	7761
SM00666	PB1	1.00000000001562	1.56153516039028e-11	14	0	0	21	7761
SM00615	EPH_lbd	1.00000000001562	1.56153516039028e-11	14	0	0	21	7761
SM00088	PINT	1.00000000001562	1.56153516039028e-11	14	0	0	21	7761
SM00149	PLCYc	1.00000000001562	1.56153516039028e-11	14	0	0	21	7761
SM00702	P4Hc	1.00000000001562	1.56153516039028e-11	14	0	0	21	7761
SM00593	RUN	1.00000000001562	1.56153516039028e-11	14	0	0	21	7761
SM00224	GGL	1.00000000001562	1.56153516039028e-11	14	0	0	21	7761
SM00247	XTALbg	1.00000000001562	1.56153516039028e-11	14	0	0	21	7761
SM00148	PLCXc	1.00000000001562	1.56153516039028e-11	14	0	0	21	7761
SM00146	PI3Kc	1.00000000001562	1.56153516039028e-11	14	0	0	21	7761
SM00490	HELICc	1.0000000000157	1.57013753313437e-11	88	0	0	21	7761
SM00425	TBOX	1.00000000001616	1.61600164196004e-11	17	0	0	21	7761
SM00210	TSPN	1.00000000001616	1.61600164196004e-11	17	0	0	21	7761
SM00207	TNF	1.00000000001616	1.61600164196004e-11	17	0	0	21	7761
SM00308	LH2	1.00000000001616	1.61600164196004e-11	17	0	0	21	7761
SM00865	Tubulin_C	1.00000000001616	1.61600164196004e-11	17	0	0	21	7761
SM00387	HATPase_c	1.00000000001616	1.61600164196004e-11	17	0	0	21	7761
SM00217	WAP	1.00000000001616	1.61600164196004e-11	17	0	0	21	7761
SM00037	CNX	1.00000000001616	1.61600164196004e-11	17	0	0	21	7761
SM00651	Sm	1.00000000001616	1.61600164196004e-11	17	0	0	21	7761
SM00832	C8	1.00000000001894	1.89435034891844e-11	9	0	0	21	7761
SM00078	IlGF	1.00000000001894	1.89435034891844e-11	9	0	0	21	7761
SM00351	PAX	1.00000000001894	1.89435034891844e-11	9	0	0	21	7761
SM00274	FOLN	1.00000000001894	1.89435034891844e-11	9	0	0	21	7761
SM00636	Glyco_18	1.00000000001894	1.89435034891844e-11	9	0	0	21	7761
SM00128	IPPc	1.00000000001894	1.89435034891844e-11	9	0	0	21	7761
SM00472	MIR	1.00000000001894	1.89435034891844e-11	9	0	0	21	7761
SM00855	PGAM	1.00000000001894	1.89435034891844e-11	9	0	0	21	7761
SM00114	CARD	1.00000000001894	1.89435034891844e-11	9	0	0	21	7761
SM00323	RasGAP	1.00000000001894	1.89435034891844e-11	9	0	0	21	7761
SM00386	HAT	1.00000000001894	1.89435034891844e-11	9	0	0	21	7761
SM00038	COLFI	1.00000000001894	1.89435034891844e-11	9	0	0	21	7761
SM00561	MBT	1.00000000001894	1.89435034891844e-11	9	0	0	21	7761
SM01017	Arrestin_C	1.00000000001894	1.89435034891844e-11	9	0	0	21	7761
SM00348	IRF	1.00000000001894	1.89435034891844e-11	9	0	0	21	7761
SM00187	INB	1.00000000001894	1.89435034891844e-11	9	0	0	21	7761
SM00591	RWD	1.00000000001894	1.89435034891844e-11	9	0	0	21	7761
SM00045	DAGKa	1.00000000001894	1.89435034891844e-11	9	0	0	21	7761
SM00727	STI1	1.00000000001894	1.89435034891844e-11	9	0	0	21	7761
SM00141	PDGF	1.00000000001894	1.89435034891844e-11	9	0	0	21	7761
SM00389	HOX	1.00000000001938	1.93835994278367e-11	223	0	0	21	7761
SM00356	ZnF_C3H1	1.00000000001946	1.94587864284751e-11	41	0	0	21	7761
SM00423	PSI	1.00000000001946	1.94587864284751e-11	41	0	0	21	7761
SM00295	B41	1.00000000001946	1.94587864284751e-11	41	0	0	21	7761
SM00192	LDLa	1.00000000001946	1.94587864284751e-11	41	0	0	21	7761
SM00235	ZnMc	1.00000000001971	1.970878741037e-11	28	0	0	21	7761
SM00431	SCAN	1.00000000001971	1.970878741037e-11	28	0	0	21	7761
SM00315	RGS	1.00000000001971	1.970878741037e-11	28	0	0	21	7761
SM00086	PAC	1.00000000002078	2.07799263150515e-11	24	0	0	21	7761
SM00303	GPS	1.00000000002078	2.07799263150515e-11	24	0	0	21	7761
SM00268	ACTIN	1.00000000002078	2.07799263150515e-11	24	0	0	21	7761
SM00005	DEATH	1.00000000002078	2.07799263150515e-11	24	0	0	21	7761
SM00102	ADF	1.0000000000209	2.09027972500346e-11	10	0	0	21	7761
SM00720	calpain_III	1.0000000000209	2.09027972500346e-11	10	0	0	21	7761
SM00027	EH	1.0000000000209	2.09027972500346e-11	10	0	0	21	7761
SM00059	FN2	1.0000000000209	2.09027972500346e-11	10	0	0	21	7761
SM00166	UBX	1.0000000000209	2.09027972500346e-11	10	0	0	21	7761
SM00439	BAH	1.0000000000209	2.09027972500346e-11	10	0	0	21	7761
SM00198	SCP	1.0000000000209	2.09027972500346e-11	10	0	0	21	7761
SM00668	CTLH	1.0000000000209	2.09027972500346e-11	10	0	0	21	7761
SM00085	PA2c	1.0000000000209	2.09027972500346e-11	10	0	0	21	7761
SM00460	TGc	1.0000000000209	2.09027972500346e-11	10	0	0	21	7761
SM00744	RINGv	1.0000000000209	2.09027972500346e-11	10	0	0	21	7761
SM00647	IBR	1.0000000000209	2.09027972500346e-11	10	0	0	21	7761
SM00468	PreSET	1.00000000002166	2.16574280762844e-11	4	0	0	21	7761
SM00188	IL10	1.00000000002166	2.16574280762844e-11	4	0	0	21	7761
SM00878	Biotin_carb_C	1.00000000002166	2.16574280762844e-11	4	0	0	21	7761
SM00197	SAA	1.00000000002166	2.16574280762844e-11	4	0	0	21	7761
SM00755	Grip	1.00000000002166	2.16574280762844e-11	4	0	0	21	7761
SM00426	TEA	1.00000000002166	2.16574280762844e-11	4	0	0	21	7761
SM00484	XPGI	1.00000000002166	2.16574280762844e-11	4	0	0	21	7761
SM01007	Aldolase_II	1.00000000002166	2.16574280762844e-11	4	0	0	21	7761
SM00920	MHC_II_alpha	1.00000000002166	2.16574280762844e-11	4	0	0	21	7761
SM01027	Beta-Casp	1.00000000002166	2.16574280762844e-11	4	0	0	21	7761
SM00673	CARP	1.00000000002166	2.16574280762844e-11	4	0	0	21	7761
SM00664	DoH	1.00000000002166	2.16574280762844e-11	4	0	0	21	7761
SM00394	RIIa	1.00000000002166	2.16574280762844e-11	4	0	0	21	7761
SM00474	35EXOc	1.00000000002166	2.16574280762844e-11	4	0	0	21	7761
SM00432	MADS	1.00000000002166	2.16574280762844e-11	4	0	0	21	7761
SM00695	DUSP	1.00000000002166	2.16574280762844e-11	4	0	0	21	7761
SM00733	Mterf	1.00000000002166	2.16574280762844e-11	4	0	0	21	7761
SM00549	TAFH	1.00000000002166	2.16574280762844e-11	4	0	0	21	7761
SM00367	LRR_CC	1.00000000002166	2.16574280762844e-11	4	0	0	21	7761
SM00094	TR_FER	1.00000000002166	2.16574280762844e-11	4	0	0	21	7761
SM00811	Alpha_kinase	1.00000000002166	2.16574280762844e-11	4	0	0	21	7761
SM00051	DSL	1.00000000002166	2.16574280762844e-11	4	0	0	21	7761
SM00679	CTNS	1.00000000002166	2.16574280762844e-11	4	0	0	21	7761
SM00603	LCCL	1.00000000002166	2.16574280762844e-11	4	0	0	21	7761
SM00279	HhH2	1.00000000002166	2.16574280762844e-11	4	0	0	21	7761
SM00652	eIF1a	1.00000000002166	2.16574280762844e-11	4	0	0	21	7761
SM00570	AWS	1.00000000002166	2.16574280762844e-11	4	0	0	21	7761
SM00889	EFG_IV	1.00000000002166	2.16574280762844e-11	4	0	0	21	7761
SM00510	TFS2M	1.00000000002166	2.16574280762844e-11	4	0	0	21	7761
SM00554	FAS1	1.00000000002166	2.16574280762844e-11	4	0	0	21	7761
SM00584	TLDc	1.00000000002166	2.16574280762844e-11	4	0	0	21	7761
SM00483	POLXc	1.00000000002166	2.16574280762844e-11	4	0	0	21	7761
SM00804	TAP_C	1.00000000002166	2.16574280762844e-11	4	0	0	21	7761
SM00476	DNaseIc	1.00000000002166	2.16574280762844e-11	4	0	0	21	7761
SM00485	XPGN	1.00000000002166	2.16574280762844e-11	4	0	0	21	7761
SM00103	ALBUMIN	1.00000000002166	2.16574280762844e-11	4	0	0	21	7761
SM00520	BASIC	1.00000000002166	2.16574280762844e-11	4	0	0	21	7761
SM00140	NGF	1.00000000002166	2.16574280762844e-11	4	0	0	21	7761
SM00025	Pumilio	1.00000000002166	2.16574280762844e-11	4	0	0	21	7761
SM00486	POLBc	1.00000000002166	2.16574280762844e-11	4	0	0	21	7761
SM00206	NTR	1.00000000002166	2.16574280762844e-11	4	0	0	21	7761
SM00985	UBA_e1_C	1.00000000002166	2.16574280762844e-11	4	0	0	21	7761
SM00239	C2	1.00000000002187	2.18689269567123e-11	112	0	0	21	7761
SM00015	IQ	1.00000000002334	2.33390620258661e-11	61	0	0	21	7761
SM00433	TOP2c	1.00000000002435	2.43479153718985e-11	2	0	0	21	7761
SM01096	CPSase_L_D3	1.00000000002435	2.43479153718985e-11	2	0	0	21	7761
SM00494	ChtBD2	1.00000000002435	2.43479153718985e-11	2	0	0	21	7761
SM00550	Zalpha	1.00000000002435	2.43479153718985e-11	2	0	0	21	7761
SM00981	THUMP	1.00000000002435	2.43479153718985e-11	2	0	0	21	7761
SM00559	Ku78	1.00000000002435	2.43479153718985e-11	2	0	0	21	7761
SM00676	DM10	1.00000000002435	2.43479153718985e-11	2	0	0	21	7761
SM00661	RPOL9	1.00000000002435	2.43479153718985e-11	2	0	0	21	7761
SM00392	PROF	1.00000000002435	2.43479153718985e-11	2	0	0	21	7761
SM01002	AlaDh_PNT_C	1.00000000002435	2.43479153718985e-11	2	0	0	21	7761
SM00657	RPOL4c	1.00000000002435	2.43479153718985e-11	2	0	0	21	7761
SM00788	Adenylsucc_synt	1.00000000002435	2.43479153718985e-11	2	0	0	21	7761
SM00581	PSP	1.00000000002435	2.43479153718985e-11	2	0	0	21	7761
SM01022	ASCH	1.00000000002435	2.43479153718985e-11	2	0	0	21	7761
SM00434	TOP4c	1.00000000002435	2.43479153718985e-11	2	0	0	21	7761
SM01046	c-SKI_SMAD_bind	1.00000000002435	2.43479153718985e-11	2	0	0	21	7761
SM01097	CPSase_sm_chain	1.00000000002435	2.43479153718985e-11	2	0	0	21	7761
SM00803	TAF	1.00000000002435	2.43479153718985e-11	2	0	0	21	7761
SM01011	AMP_N	1.00000000002435	2.43479153718985e-11	2	0	0	21	7761
SM00706	TECPR	1.00000000002435	2.43479153718985e-11	2	0	0	21	7761
SM00493	TOPRIM	1.00000000002435	2.43479153718985e-11	2	0	0	21	7761
SM00649	RL11	1.00000000002435	2.43479153718985e-11	2	0	0	21	7761
SM01000	Aha1_N	1.00000000002435	2.43479153718985e-11	2	0	0	21	7761
SM01003	AlaDh_PNT_N	1.00000000002435	2.43479153718985e-11	2	0	0	21	7761
SM00896	FDX-ACB	1.00000000002435	2.43479153718985e-11	2	0	0	21	7761
SM00653	eIF2B_5	1.00000000002435	2.43479153718985e-11	2	0	0	21	7761
SM00525	FES	1.00000000002435	2.43479153718985e-11	2	0	0	21	7761
SM00542	FYRC	1.00000000002435	2.43479153718985e-11	2	0	0	21	7761
SM00902	Fe_hyd_SSU	1.00000000002435	2.43479153718985e-11	2	0	0	21	7761
SM00807	AKAP_110	1.00000000002435	2.43479153718985e-11	2	0	0	21	7761
SM00003	NH	1.00000000002435	2.43479153718985e-11	2	0	0	21	7761
SM00151	SWIB	1.00000000002435	2.43479153718985e-11	2	0	0	21	7761
SM00888	EF1_GNE	1.00000000002435	2.43479153718985e-11	2	0	0	21	7761
SM00642	Aamy	1.00000000002435	2.43479153718985e-11	2	0	0	21	7761
SM00178	SAR	1.00000000002435	2.43479153718985e-11	2	0	0	21	7761
SM00466	SRA	1.00000000002435	2.43479153718985e-11	2	0	0	21	7761
SM00956	RQC	1.00000000002435	2.43479153718985e-11	2	0	0	21	7761
SM00758	PA14	1.00000000002435	2.43479153718985e-11	2	0	0	21	7761
SM01028	Beta-TrCP_D	1.00000000002435	2.43479153718985e-11	2	0	0	21	7761
SM00761	HDAC_interact	1.00000000002435	2.43479153718985e-11	2	0	0	21	7761
SM00551	ZnF_TAZ	1.00000000002435	2.43479153718985e-11	2	0	0	21	7761
SM00594	UAS	1.00000000002435	2.43479153718985e-11	2	0	0	21	7761
SM00735	ZM	1.00000000002435	2.43479153718985e-11	2	0	0	21	7761
SM00632	Aamy_C	1.00000000002435	2.43479153718985e-11	2	0	0	21	7761
SM00190	IL4_13	1.00000000002435	2.43479153718985e-11	2	0	0	21	7761
SM00777	Mad3_BUB1_I	1.00000000002435	2.43479153718985e-11	2	0	0	21	7761
SM00555	GIT	1.00000000002435	2.43479153718985e-11	2	0	0	21	7761
SM00756	VKc	1.00000000002435	2.43479153718985e-11	2	0	0	21	7761
SM00792	Agouti	1.00000000002435	2.43479153718985e-11	2	0	0	21	7761
SM00951	QLQ	1.00000000002435	2.43479153718985e-11	2	0	0	21	7761
SM00039	CRF	1.00000000002435	2.43479153718985e-11	2	0	0	21	7761
SM00937	PCRF	1.00000000002435	2.43479153718985e-11	2	0	0	21	7761
SM01074	Cdc6_C	1.00000000002435	2.43479153718985e-11	2	0	0	21	7761
SM00723	AMOP	1.00000000002435	2.43479153718985e-11	2	0	0	21	7761
SM01010	AMPKBI	1.00000000002435	2.43479153718985e-11	2	0	0	21	7761
SM01086	ClpB_D2-small	1.00000000002435	2.43479153718985e-11	2	0	0	21	7761
SM00193	PTN	1.00000000002435	2.43479153718985e-11	2	0	0	21	7761
SM00176	RAN	1.00000000002435	2.43479153718985e-11	2	0	0	21	7761
SM00785	AARP2CN	1.00000000002435	2.43479153718985e-11	2	0	0	21	7761
SM00705	THEG	1.00000000002435	2.43479153718985e-11	2	0	0	21	7761
SM00029	GASTRIN	1.00000000002435	2.43479153718985e-11	2	0	0	21	7761
SM01023	BAF	1.00000000002435	2.43479153718985e-11	2	0	0	21	7761
SM00873	B3_4	1.00000000002435	2.43479153718985e-11	2	0	0	21	7761
SM00535	RIBOc	1.00000000002435	2.43479153718985e-11	2	0	0	21	7761
SM00846	Gp_dh_N	1.00000000002435	2.43479153718985e-11	2	0	0	21	7761
SM01051	CAMSAP_CKK	1.00000000002435	2.43479153718985e-11	2	0	0	21	7761
SM00993	YL1_C	1.00000000002435	2.43479153718985e-11	2	0	0	21	7761
SM00860	SMI1_KNR4	1.00000000002435	2.43479153718985e-11	2	0	0	21	7761
SM00095	TR_THY	1.00000000002435	2.43479153718985e-11	2	0	0	21	7761
SM00080	LIF_OSM	1.00000000002435	2.43479153718985e-11	2	0	0	21	7761
SM00611	SEC63	1.00000000002435	2.43479153718985e-11	2	0	0	21	7761
SM00058	FN1	1.00000000002435	2.43479153718985e-11	2	0	0	21	7761
SM00126	IL6	1.00000000002435	2.43479153718985e-11	2	0	0	21	7761
SM00090	RIO	1.00000000002435	2.43479153718985e-11	2	0	0	21	7761
SM00512	Skp1	1.00000000002435	2.43479153718985e-11	2	0	0	21	7761
SM00437	TOP1Ac	1.00000000002435	2.43479153718985e-11	2	0	0	21	7761
SM00650	rADc	1.00000000002435	2.43479153718985e-11	2	0	0	21	7761
SM00531	TFIIE	1.00000000002435	2.43479153718985e-11	2	0	0	21	7761
SM00852	MoCF_biosynth	1.00000000002435	2.43479153718985e-11	2	0	0	21	7761
SM00704	ZnF_CDGSH	1.00000000002435	2.43479153718985e-11	2	0	0	21	7761
SM00435	TOPEUc	1.00000000002435	2.43479153718985e-11	2	0	0	21	7761
SM00978	Tim44	1.00000000002435	2.43479153718985e-11	2	0	0	21	7761
SM01050	CactinC_cactus	1.00000000002435	2.43479153718985e-11	2	0	0	21	7761
SM00893	ETF	1.00000000002435	2.43479153718985e-11	2	0	0	21	7761
SM00396	ZnF_UBR1	1.00000000002435	2.43479153718985e-11	2	0	0	21	7761
SM00812	Alpha_L_fucos	1.00000000002435	2.43479153718985e-11	2	0	0	21	7761
SM00436	TOP1Bc	1.00000000002435	2.43479153718985e-11	2	0	0	21	7761
SM00967	SpoU_sub_bind	1.00000000002435	2.43479153718985e-11	2	0	0	21	7761
SM00087	PTH	1.00000000002435	2.43479153718985e-11	2	0	0	21	7761
SM00576	BTP	1.00000000002435	2.43479153718985e-11	2	0	0	21	7761
SM00536	AXH	1.00000000002435	2.43479153718985e-11	2	0	0	21	7761
SM00662	RPOLD	1.00000000002435	2.43479153718985e-11	2	0	0	21	7761
SM01104	CTD	1.00000000002435	2.43479153718985e-11	2	0	0	21	7761
SM00223	APPLE	1.00000000002435	2.43479153718985e-11	2	0	0	21	7761
SM00685	DM14	1.00000000002435	2.43479153718985e-11	2	0	0	21	7761
SM00992	YccV-like	1.00000000002435	2.43479153718985e-11	2	0	0	21	7761
SM00469	WIF	1.00000000002435	2.43479153718985e-11	2	0	0	21	7761
SM01072	CDC48_2	1.00000000002435	2.43479153718985e-11	2	0	0	21	7761
SM00290	ZnF_UBP	1.00000000002522	2.52173418568773e-11	5	0	0	21	7761
SM00715	LA	1.00000000002522	2.52173418568773e-11	5	0	0	21	7761
SM00160	RanBD	1.00000000002522	2.52173418568773e-11	5	0	0	21	7761
SM00004	NL	1.00000000002522	2.52173418568773e-11	5	0	0	21	7761
SM00237	Calx_beta	1.00000000002522	2.52173418568773e-11	5	0	0	21	7761
SM00879	Brix	1.00000000002522	2.52173418568773e-11	5	0	0	21	7761
SM00991	WHEP-TRS	1.00000000002522	2.52173418568773e-11	5	0	0	21	7761
SM00504	Ubox	1.00000000002522	2.52173418568773e-11	5	0	0	21	7761
SM00907	GDNF	1.00000000002522	2.52173418568773e-11	5	0	0	21	7761
SM00506	A1pp	1.00000000002522	2.52173418568773e-11	5	0	0	21	7761
SM00741	SapB	1.00000000002522	2.52173418568773e-11	5	0	0	21	7761
SM00572	DZF	1.00000000002522	2.52173418568773e-11	5	0	0	21	7761
SM00915	Jacalin	1.00000000002522	2.52173418568773e-11	5	0	0	21	7761
SM00609	VIT	1.00000000002522	2.52173418568773e-11	5	0	0	21	7761
SM00266	CAD	1.00000000002522	2.52173418568773e-11	5	0	0	21	7761
SM00742	Hr1	1.00000000002522	2.52173418568773e-11	5	0	0	21	7761
SM00517	PolyA	1.00000000002522	2.52173418568773e-11	5	0	0	21	7761
SM00552	ADEAMc	1.00000000002522	2.52173418568773e-11	5	0	0	21	7761
SM00863	tRNA_SAD	1.00000000002522	2.52173418568773e-11	5	0	0	21	7761
SM00533	MUTSd	1.00000000002522	2.52173418568773e-11	5	0	0	21	7761
SM00948	Proteasome_A_N	1.00000000002522	2.52173418568773e-11	5	0	0	21	7761
SM00250	PLEC	1.00000000002522	2.52173418568773e-11	5	0	0	21	7761
SM00070	GLUCA	1.00000000002522	2.52173418568773e-11	5	0	0	21	7761
SM00838	EFG_C	1.00000000002522	2.52173418568773e-11	5	0	0	21	7761
SM00872	Alpha-mann_mid	1.00000000002522	2.52173418568773e-11	5	0	0	21	7761
SM00022	PLAc	1.00000000002522	2.52173418568773e-11	5	0	0	21	7761
SM01026	Beach	1.00000000002522	2.52173418568773e-11	5	0	0	21	7761
SM00968	SMC_hinge	1.00000000002522	2.52173418568773e-11	5	0	0	21	7761
SM00152	THY	1.00000000002522	2.52173418568773e-11	5	0	0	21	7761
SM01062	Ca_chan_IQ	1.00000000002522	2.52173418568773e-11	5	0	0	21	7761
SM01092	CO_deh_flav_C	1.00000000002522	2.52173418568773e-11	5	0	0	21	7761
SM00537	DCX	1.00000000002522	2.52173418568773e-11	5	0	0	21	7761
SM00415	HSF	1.00000000002522	2.52173418568773e-11	5	0	0	21	7761
SM00544	MA3	1.00000000002522	2.52173418568773e-11	5	0	0	21	7761
SM00739	KOW	1.00000000002522	2.52173418568773e-11	5	0	0	21	7761
SM00534	MUTSac	1.00000000002522	2.52173418568773e-11	5	0	0	21	7761
SM00154	ZnF_AN1	1.00000000002522	2.52173418568773e-11	5	0	0	21	7761
SM00139	MyTH4	1.00000000002522	2.52173418568773e-11	5	0	0	21	7761
SM01008	Ald_Xan_dh_C	1.00000000002522	2.52173418568773e-11	5	0	0	21	7761
SM00220	S_TKc	1.00000000002975	2.97548894806942e-11	221	0	0	21	7761
